17 8
0 6 8 2 14 16 3 7 15 10 12 4 9 11 5 13 1 0  301.000000
0 2 16 11 9 7 5 6 12 10 3 1 13 15 8 14 4 0  275.000000
0 11 6 14 9 13 10 16 4 8 3 2 12 7 5 1 15 0  177.000000
0 5 14 8 1 9 15 13 11 6 4 7 3 10 2 12 16 0  186.000000
0 2 5 8 4 10 16 12 1 15 6 14 13 7 3 11 9 0  279.000000
0 10 14 3 1 9 11 7 2 8 16 4 12 15 5 6 13 0  246.000000
0 9 2 6 5 16 12 7 11 14 8 10 1 15 4 13 3 0  306.000000
0 16 8 2 7 4 15 6 5 11 3 10 9 13 12 14 1 0  202.000000
17 8
0 6 15 5 14 8 1 7 16 9 10 13 12 11 4 2 3 0  282.000000
0 2 16 4 6 14 5 15 9 10 11 3 13 7 8 12 1 0  212.000000
0 13 8 15 4 1 9 2 12 16 5 6 7 3 14 10 11 0  147.000000
0 6 5 16 9 10 15 12 7 13 11 14 8 1 2 3 4 0  217.000000
0 14 6 16 13 5 1 11 3 2 4 7 8 9 10 15 12 0  331.000000
0 2 4 3 1 9 6 7 8 10 12 11 15 13 5 14 16 0  268.000000
0 3 12 16 11 7 8 10 14 6 4 13 5 15 9 2 1 0  269.000000
0 14 3 16 1 12 5 15 4 8 11 7 2 6 10 9 13 0  157.000000
17 8
0 13 3 2 14 1 9 7 15 6 10 11 12 5 4 8 16 0  265.000000
0 9 5 2 14 10 11 12 7 6 3 16 1 13 8 15 4 0  248.000000
0 14 2 12 4 5 6 7 3 9 10 11 1 13 8 15 16 0  237.000000
0 1 2 3 4 13 6 7 8 9 10 15 12 5 16 11 14 0  266.000000
0 14 3 16 2 12 5 6 8 9 10 15 11 13 4 7 1 0  189.000000
0 12 3 16 1 14 9 15 8 5 10 11 6 13 2 7 4 0  261.000000
0 14 3 9 1 4 5 15 8 16 10 6 11 13 12 7 2 0  189.000000
0 11 16 12 3 9 7 2 5 10 6 14 1 13 8 15 4 0  298.000000
17 8
0 13 3 15 4 1 9 7 2 6 10 11 12 5 14 8 16 0  251.000000
0 13 8 15 4 1 9 7 2 14 10 11 12 5 6 3 16 0  215.000000
0 13 8 15 4 1 14 2 12 16 5 6 7 3 9 10 11 0  236.000000
0 1 2 3 4 5 6 7 8 9 10 11 12 13 16 15 14 0  146.000000
0 14 3 16 2 12 5 15 8 9 10 11 6 13 4 7 1 0  229.000000
0 14 3 16 1 12 5 15 8 9 10 11 6 13 2 7 4 0  197.000000
0 14 3 9 1 12 5 15 8 16 10 11 6 13 4 7 2 0  259.000000
0 9 16 12 3 11 7 2 6 10 5 14 1 13 8 15 4 0  301.000000
17 8
0 1 2 3 4 5 6 7 8 9 10 11 12 13 14 15 16 0  167.000000
0 1 2 3 4 5 6 7 8 9 10 11 12 13 14 15 16 0  167.000000
0 1 2 3 4 5 6 7 12 16 13 9 8 15 14 10 11 0  155.000000
0 1 2 3 4 5 6 7 8 9 10 11 12 13 16 15 14 0  146.000000
0 14 3 16 1 12 5 15 8 9 10 11 6 13 4 7 2 0  228.000000
0 14 3 16 1 12 5 15 8 9 10 11 6 13 4 7 2 0  228.000000
0 14 3 16 1 12 5 15 8 9 10 11 6 13 4 7 2 0  228.000000
0 13 8 15 4 1 9 16 12 3 11 7 2 6 10 5 14 0  300.000000
17 8
0 11 3 14 6 5 4 10 8 15 2 7 16 13 1 12 9 0  227.000000
0 11 2 13 10 15 6 5 9 1 12 14 3 4 16 8 7 0  55.000000
0 11 6 5 4 3 8 7 16 9 13 2 1 10 12 15 14 0  53.000000
0 11 15 14 6 5 4 3 8 7 16 12 13 2 1 9 10 0  40.000000
0 11 13 2 1 9 10 12 16 8 7 4 3 14 5 6 15 0  39.000000
0 11 15 14 6 5 4 3 8 7 16 12 13 2 1 9 10 0  40.000000
0 11 15 14 6 5 4 3 8 7 16 12 13 2 1 9 10 0  40.000000
0 11 15 14 6 5 4 3 8 7 16 12 13 2 1 9 10 0  40.000000
