17 17
1 15 4 7 2 13 12 5 11 8 17 3 9 6 14 10 16 1  259.000000
1 12 16 15 7 6 5 4 8 9 17 10 11 2 13 14 3 1  39.000000
1 12 15 16 7 8 17 9 4 5 6 13 2 3 14 11 10 1  51.000000
1 3 14 12 15 16 10 2 13 11 7 6 4 5 8 9 17 1  57.000000
1 16 15 11 13 9 4 5 6 7 10 2 8 17 12 3 14 1  67.000000
1 10 13 2 3 14 11 17 8 9 4 5 15 7 6 16 12 1  40.000000
1 12 15 16 17 9 8 5 4 7 6 2 13 3 14 11 10 1  51.000000
1 16 15 13 11 7 6 5 4 8 17 9 10 2 14 3 12 1  55.000000
1 12 16 15 11 10 14 3 2 7 6 4 5 8 9 17 13 1  56.000000
1 12 6 7 16 15 5 4 9 17 8 11 3 14 2 13 10 1  40.000000
1 12 17 9 8 5 4 15 6 16 7 10 11 13 2 14 3 1  39.000000
1 3 14 2 6 16 15 7 4 5 8 17 9 11 13 10 12 1  42.000000
1 3 14 10 13 16 15 11 2 7 6 5 4 9 8 17 12 1  55.000000
1 12 16 15 7 6 5 4 8 9 17 10 11 2 13 14 3 1  39.000000
1 12 15 16 7 8 17 9 4 5 6 13 2 3 14 11 10 1  51.000000
1 12 15 16 17 13 11 2 7 6 4 5 8 9 10 3 14 1  60.000000
1 12 16 15 7 6 5 4 8 9 17 10 11 2 13 14 3 1  39.000000
17 17
1 16 14 2 11 17 5 8 4 15 7 9 12 13 3 6 10 1  186.000000
1 12 15 16 9 17 8 5 4 7 6 13 2 11 10 3 14 1  50.000000
1 12 13 2 17 9 8 15 16 5 4 7 6 11 10 3 14 1  44.000000
1 14 3 10 11 2 13 8 17 9 16 6 5 4 15 7 12 1  41.000000
1 12 16 15 7 6 5 4 8 9 17 10 11 2 13 14 3 1  39.000000
1 12 9 4 5 16 7 6 15 10 13 17 8 11 2 3 14 1  49.000000
1 12 17 8 9 7 16 6 4 5 15 13 14 3 2 11 10 1  42.000000
1 12 11 10 2 17 9 8 5 4 15 16 7 6 13 3 14 1  42.000000
1 12 16 4 5 7 6 15 2 10 8 17 9 13 11 14 3 1  46.000000
1 12 8 17 9 10 3 14 11 6 7 4 5 16 15 2 13 1  47.000000
1 12 15 16 17 9 8 5 4 7 6 2 13 3 14 11 10 1  51.000000
1 16 15 13 11 7 6 5 4 8 17 9 10 2 14 3 12 1  55.000000
1 12 6 7 15 13 2 10 8 9 17 4 5 16 11 3 14 1  55.000000
1 3 14 10 6 5 4 17 8 9 11 2 13 7 15 16 12 1  55.000000
1 3 14 10 13 16 15 11 2 7 6 5 4 9 8 17 12 1  55.000000
1 12 14 3 10 13 2 11 16 15 8 9 17 4 5 6 7 1  50.000000
1 12 16 15 7 6 5 4 8 9 17 10 11 2 13 14 3 1  39.000000
17 17
1 13 14 9 15 7 2 6 4 10 11 5 8 16 12 17 3 1  220.000000
1 10 5 14 7 2 4 15 13 12 3 11 16 6 9 8 17 1  275.000000
1 17 7 8 5 4 2 6 3 13 10 16 15 12 9 14 11 1  195.000000
1 3 14 5 2 15 9 17 16 11 13 6 4 8 12 10 7 1  207.000000
1 12 11 7 16 14 6 15 8 9 5 4 17 10 13 3 2 1  155.000000
1 12 11 10 13 14 3 2 17 8 9 16 7 5 4 15 6 1  42.000000
1 17 3 10 12 16 13 8 5 2 4 14 6 7 11 15 9 1  317.000000
1 10 16 5 3 6 2 15 13 12 9 8 7 14 11 4 17 1  297.000000
1 14 6 8 5 10 7 9 4 3 11 16 12 17 15 2 13 1  266.000000
1 4 17 16 12 7 8 13 14 5 2 15 9 11 6 3 10 1  305.000000
1 8 15 10 13 12 14 16 4 17 9 5 11 3 2 7 6 1  177.000000
1 13 5 17 4 11 7 9 16 8 3 12 14 2 15 6 10 1  213.000000
1 10 7 14 6 5 12 16 11 13 17 2 3 4 9 8 15 1  292.000000
1 5 11 17 3 2 14 13 9 8 10 4 6 7 16 15 12 1  208.000000
1 9 2 16 7 12 8 5 10 13 6 4 3 15 17 11 14 1  248.000000
1 17 8 2 14 3 12 11 16 5 6 7 4 15 13 9 10 1  74.000000
1 12 11 10 13 14 3 2 15 16 7 6 4 5 8 9 17 1  40.000000
17 17
1 8 4 5 15 14 13 9 3 7 16 12 10 2 11 17 6 1  187.000000
1 14 3 10 11 13 2 15 4 5 6 7 16 9 8 17 12 1  41.000000
1 8 9 17 15 16 5 4 6 7 11 3 14 13 2 10 12 1  42.000000
1 14 3 10 11 13 2 15 4 5 6 7 16 9 8 17 12 1  41.000000
1 8 17 10 3 14 11 16 15 6 2 13 9 5 4 7 12 1  63.000000
1 12 3 14 13 2 9 8 17 10 11 15 5 4 7 6 16 1  46.000000
1 3 14 10 13 16 15 11 2 7 6 5 4 9 8 17 12 1  55.000000
1 12 10 2 16 15 11 3 14 13 6 7 4 5 8 9 17 1  56.000000
1 12 11 2 13 7 4 5 6 15 16 9 17 8 10 3 14 1  44.000000
1 12 8 17 9 4 5 6 7 16 15 10 11 13 2 14 3 1  39.000000
1 12 15 4 5 17 8 9 6 16 7 10 14 3 2 13 11 1  51.000000
1 12 17 9 8 2 13 14 3 11 10 7 6 4 5 15 16 1  44.000000
1 12 16 15 13 11 7 6 5 4 9 8 17 10 2 14 3 1  55.000000
1 12 11 13 2 16 15 7 6 5 4 9 8 17 10 3 14 1  42.000000
1 12 3 14 11 2 9 8 13 10 17 4 5 6 16 15 7 1  49.000000
1 14 3 10 13 16 15 11 2 7 6 5 4 17 8 9 12 1  55.000000
1 12 8 17 9 4 5 6 7 16 15 10 11 13 2 14 3 1  39.000000
17 17
1 10 15 16 17 6 8 3 4 2 13 11 9 12 7 14 5 1  369.000000
1 14 3 10 11 13 2 15 4 5 6 7 16 9 8 17 12 1  41.000000
1 7 2 6 8 4 9 3 15 5 17 14 12 11 13 16 10 1  201.000000
1 14 3 13 4 6 7 17 10 12 15 16 2 8 9 11 5 1  200.000000
1 16 14 15 6 5 11 12 17 7 8 4 3 2 9 13 10 1  286.000000
1 14 7 12 8 4 10 3 13 15 6 5 16 17 2 9 11 1  178.000000
1 15 12 8 6 3 17 7 9 14 11 16 2 10 13 5 4 1  260.000000
1 5 14 7 9 4 11 6 13 16 15 3 17 8 10 12 2 1  350.000000
1 6 4 11 15 13 2 8 10 5 3 17 14 7 9 16 12 1  332.000000
1 6 7 12 10 17 9 11 13 15 3 2 16 14 8 5 4 1  232.000000
1 8 16 6 4 5 14 2 10 17 3 9 11 7 15 13 12 1  175.000000
1 9 6 17 16 13 11 4 3 2 10 12 15 7 8 14 5 1  327.000000
1 5 17 13 6 8 12 3 14 10 16 11 9 4 15 7 2 1  144.000000
1 14 5 17 11 12 8 13 6 7 10 9 16 15 2 3 4 1  267.000000
1 14 6 8 15 17 7 10 12 2 3 11 4 5 16 13 9 1  177.000000
1 4 14 8 7 3 5 6 9 15 17 11 2 13 10 16 12 1  327.000000
1 14 3 10 11 13 2 15 4 5 6 7 16 9 8 17 12 1  41.000000
17 17
1 9 2 12 14 10 11 15 13 4 17 7 6 5 8 16 3 1  186.000000
1 12 2 13 11 3 14 10 17 8 9 16 15 4 5 7 6 1  42.000000
1 12 15 16 7 17 8 9 4 5 6 13 2 10 11 3 14 1  50.000000
1 8 17 9 11 2 7 6 4 5 16 15 10 13 14 3 12 1  46.000000
1 12 3 14 13 16 15 8 17 9 4 5 6 7 11 2 10 1  53.000000
1 10 13 2 3 14 11 17 8 9 4 5 15 7 6 16 12 1  40.000000
1 8 17 9 6 15 16 5 4 7 13 3 14 11 10 2 12 1  42.000000
1 16 15 13 11 7 6 5 4 8 17 9 10 2 14 3 12 1  55.000000
1 3 14 10 13 16 15 11 2 7 6 5 4 9 8 17 12 1  55.000000
1 12 16 15 10 11 2 6 7 4 5 8 9 17 13 14 3 1  55.000000
1 12 17 9 8 5 4 15 7 6 16 10 2 13 11 3 14 1  39.000000
1 14 3 10 2 16 15 11 13 7 6 5 4 9 8 17 12 1  55.000000
1 12 17 9 8 7 16 11 3 14 10 13 2 15 5 4 6 1  55.000000
1 16 15 13 11 7 6 5 4 8 17 9 10 2 14 3 12 1  55.000000
1 2 10 11 14 3 13 15 16 7 8 17 9 4 5 6 12 1  51.000000
1 12 16 15 7 6 5 4 8 9 17 10 11 2 13 14 3 1  39.000000
1 12 17 9 8 5 4 15 7 6 16 10 2 13 11 3 14 1  39.000000
17 17
1 9 4 16 11 10 2 15 7 17 6 14 8 13 12 5 3 1  264.000000
1 8 12 17 4 10 16 9 5 7 15 11 6 2 14 3 13 1  142.000000
1 8 9 2 17 6 4 5 16 10 15 14 3 13 7 11 12 1  123.000000
1 16 6 17 5 12 10 3 15 9 2 8 13 11 14 4 7 1  242.000000
1 12 8 14 11 17 15 9 16 6 7 3 4 10 2 5 13 1  332.000000
1 13 16 10 4 14 6 7 8 11 17 3 9 15 5 12 2 1  325.000000
1 10 7 6 16 13 2 12 5 11 17 4 15 3 14 8 9 1  220.000000
1 11 4 9 13 3 2 15 10 7 6 17 16 12 5 8 14 1  213.000000
1 10 12 17 11 15 7 6 5 14 8 16 4 9 2 3 13 1  168.000000
1 12 11 9 4 15 17 6 5 2 13 8 7 3 16 10 14 1  223.000000
1 9 11 14 17 8 13 2 6 10 15 12 4 16 5 3 7 1  264.000000
1 6 16 15 3 17 7 4 5 10 11 12 8 14 13 9 2 1  194.000000
1 17 2 14 15 16 10 9 13 8 6 4 7 12 5 3 11 1  240.000000
1 15 5 4 16 7 6 17 9 8 13 2 10 11 14 3 12 1  41.000000
1 15 7 10 12 6 16 4 9 14 17 11 13 3 8 2 5 1  228.000000
1 14 7 17 15 4 16 2 8 9 5 12 10 11 6 13 3 1  181.000000
1 15 5 4 16 7 6 17 9 8 13 2 10 11 14 3 12 1  41.000000
17 17
1 3 10 11 6 12 8 2 13 4 9 16 17 15 14 5 7 1  254.000000
1 14 7 2 15 8 11 10 6 9 13 12 5 17 4 16 3 1  239.000000
1 13 11 2 14 3 10 16 7 6 15 4 5 9 17 8 12 1  40.000000
1 13 3 5 17 6 14 12 7 16 9 10 15 4 2 8 11 1  249.000000
1 14 12 10 15 9 3 6 13 8 2 11 16 17 4 7 5 1  209.000000
1 17 13 16 11 15 7 2 9 8 12 6 5 4 10 3 14 1  122.000000
1 6 10 9 12 5 13 16 3 2 4 17 7 11 14 15 8 1  323.000000
1 15 16 11 2 13 10 5 17 8 4 3 7 14 6 9 12 1  321.000000
1 5 11 17 12 4 16 7 6 2 15 9 8 14 10 3 13 1  222.000000
1 5 9 2 11 14 13 6 15 7 17 10 4 8 16 12 3 1  178.000000
1 15 7 6 9 5 17 12 10 8 3 14 2 13 4 16 11 1  147.000000
1 8 7 16 4 15 2 11 13 17 5 6 10 14 3 9 12 1  96.000000
1 9 12 7 17 15 3 14 11 6 10 4 8 16 2 5 13 1  278.000000
1 5 9 16 12 13 14 17 8 2 6 10 3 4 7 11 15 1  232.000000
1 15 10 17 2 3 12 5 8 11 4 16 7 14 6 13 9 1  269.000000
1 10 11 8 4 2 17 3 13 5 14 7 16 15 6 9 12 1  285.000000
1 13 11 2 14 3 10 16 7 6 15 4 5 9 17 8 12 1  40.000000
17 17
1 12 10 16 5 4 7 15 11 3 9 2 14 6 8 17 13 1  130.000000
1 3 14 10 13 2 11 17 8 9 5 4 6 7 15 16 12 1  39.000000
1 14 3 2 13 9 8 17 5 4 15 7 16 6 10 11 12 1  42.000000
1 12 3 14 10 15 16 7 17 8 9 4 5 6 13 11 2 1  53.000000
1 12 3 14 13 2 11 10 9 8 17 5 4 15 6 16 7 1  39.000000
1 14 3 10 2 16 15 11 13 7 6 5 4 9 8 17 12 1  55.000000
1 14 3 10 11 15 7 2 13 8 17 9 5 4 16 6 12 1  55.000000
1 17 8 9 5 4 15 7 6 16 11 2 13 10 3 14 12 1  39.000000
1 12 14 3 13 10 2 11 8 17 9 5 4 7 6 16 15 1  39.000000
1 7 16 4 5 8 17 9 15 6 2 13 11 10 3 14 12 1  50.000000
1 12 16 15 8 9 17 4 5 6 7 11 10 13 2 14 3 1  50.000000
1 3 14 2 11 13 10 17 8 9 4 5 16 15 6 7 12 1  39.000000
1 3 14 13 15 4 5 6 7 16 8 17 9 2 10 11 12 1  44.000000
1 12 14 3 10 2 13 11 17 9 8 4 5 15 7 16 6 1  39.000000
1 12 8 9 2 13 14 3 11 10 17 5 4 6 7 16 15 1  47.000000
1 3 14 10 13 16 15 11 2 7 6 5 4 9 8 17 12 1  55.000000
1 3 14 10 13 2 11 17 8 9 5 4 6 7 15 16 12 1  39.000000
17 17
1 15 11 10 7 12 14 13 2 8 17 3 9 6 16 4 5 1  157.000000
1 16 3 13 5 12 14 4 2 15 6 7 8 9 17 11 10 1  306.000000
1 6 4 7 8 13 5 12 3 14 2 17 16 15 11 9 10 1  171.000000
1 4 12 16 3 17 10 14 2 5 9 7 6 8 13 11 15 1  286.000000
1 2 12 9 4 6 14 11 3 13 16 5 7 10 8 15 17 1  142.000000
1 13 12 7 15 2 16 5 4 6 8 17 3 14 11 10 9 1  89.000000
1 8 17 9 4 5 6 15 7 16 2 11 14 3 13 10 12 1  40.000000
1 16 5 4 2 3 15 10 13 11 8 9 17 7 14 6 12 1  240.000000
1 12 7 16 5 4 6 15 2 11 9 8 17 10 13 14 3 1  46.000000
1 12 7 17 5 6 16 4 9 8 15 13 11 10 14 2 3 1  82.000000
1 16 8 10 4 2 11 13 14 3 12 5 9 17 6 7 15 1  201.000000
1 12 13 14 17 11 2 4 3 16 9 7 5 6 10 15 8 1  262.000000
1 15 7 8 3 12 2 13 11 9 4 5 10 6 16 17 14 1  162.000000
1 3 16 6 17 9 10 4 15 13 7 11 8 12 14 2 5 1  258.000000
1 13 17 10 11 12 4 6 9 16 15 5 14 3 7 2 8 1  232.000000
1 15 5 11 3 4 2 13 7 8 17 9 10 6 16 14 12 1  269.000000
1 8 17 9 4 5 6 15 7 16 2 11 14 3 13 10 12 1  40.000000
17 17
1 12 17 9 13 16 15 11 2 7 6 5 4 10 14 8 3 1  146.000000
1 12 8 9 17 5 4 6 7 16 15 10 11 13 2 14 3 1  39.000000
1 8 9 10 2 17 5 4 7 6 16 15 13 11 3 14 12 1  49.000000
1 14 3 13 11 2 10 8 9 17 5 4 7 6 16 15 12 1  39.000000
1 3 14 10 11 2 13 8 9 17 5 4 7 6 16 15 12 1  39.000000
1 12 14 3 13 2 9 8 17 10 11 15 5 4 7 6 16 1  46.000000
1 8 9 17 13 2 16 4 5 6 7 15 11 10 3 14 12 1  46.000000
1 12 15 6 9 8 17 11 13 16 5 4 7 2 10 14 3 1  57.000000
1 12 15 16 17 9 8 5 4 7 6 2 13 3 14 11 10 1  51.000000
1 16 15 13 11 7 6 5 4 8 17 9 10 2 14 3 12 1  55.000000
1 12 16 15 10 2 11 3 14 13 17 8 5 4 6 7 9 1  58.000000
1 14 3 10 11 13 2 15 4 5 6 7 16 9 8 17 12 1  41.000000
1 12 14 3 10 2 7 6 9 17 8 5 4 15 16 11 13 1  53.000000
1 12 17 8 9 11 2 13 15 16 5 4 6 7 10 14 3 1  46.000000
1 17 5 4 8 9 13 11 14 3 10 2 16 15 7 6 12 1  56.000000
1 14 3 10 13 8 9 17 11 2 16 15 5 4 6 7 12 1  46.000000
1 12 8 9 17 5 4 6 7 16 15 10 11 13 2 14 3 1  39.000000
17 17
1 7 6 5 4 14 8 13 12 17 3 9 10 2 16 15 11 1  199.000000
1 4 13 2 14 12 10 8 9 17 16 7 6 3 5 15 11 1  259.000000
1 3 14 10 17 2 16 7 11 12 15 5 4 6 13 9 8 1  75.000000
1 14 3 2 17 16 13 9 15 4 12 7 6 8 10 11 5 1  213.000000
1 17 5 8 14 16 2 9 7 3 12 11 4 13 6 10 15 1  310.000000
1 5 10 15 6 2 13 16 11 14 3 12 9 17 4 8 7 1  181.000000
1 12 15 17 11 7 6 5 4 8 14 9 10 2 13 3 16 1  161.000000
1 7 6 2 4 17 16 9 12 5 3 14 10 13 11 15 8 1  243.000000
1 12 8 11 13 17 9 14 3 10 15 6 4 5 2 16 7 1  122.000000
1 12 11 6 16 8 14 2 13 9 15 7 4 5 17 3 10 1  111.000000
1 12 15 17 7 5 4 6 16 2 8 13 9 11 14 3 10 1  73.000000
1 15 7 5 4 12 17 8 6 14 9 13 10 11 3 2 16 1  176.000000
1 12 11 10 13 3 14 2 17 9 8 4 5 15 7 6 16 1  40.000000
1 10 13 3 11 9 17 2 4 7 6 8 5 12 15 14 16 1  255.000000
1 12 7 9 16 6 17 4 15 13 14 3 11 10 2 5 8 1  129.000000
1 15 7 6 5 13 10 14 3 12 4 11 9 17 16 8 2 1  195.000000
1 12 11 10 13 3 14 2 17 9 8 4 5 15 7 6 16 1  40.000000
17 17
1 12 14 3 11 10 2 13 16 9 5 4 17 6 15 7 8 1  69.000000
1 12 14 2 10 11 3 17 13 15 5 4 7 16 6 8 9 1  73.000000
1 12 15 2 13 8 16 5 4 7 6 17 11 10 9 3 14 1  90.000000
1 2 10 4 7 11 16 8 9 17 3 5 14 15 13 6 12 1  325.000000
1 12 11 2 10 14 3 13 9 8 17 5 4 7 6 15 16 1  40.000000
1 3 13 2 10 11 12 14 5 7 6 16 4 9 8 17 15 1  128.000000
1 12 11 13 10 14 3 2 15 8 4 5 6 7 17 16 9 1  72.000000
1 11 3 14 15 10 4 12 16 2 7 17 8 9 13 5 6 1  257.000000
1 12 3 10 7 8 15 2 13 9 14 5 11 17 4 16 6 1  222.000000
1 17 14 10 11 8 3 9 4 15 12 2 5 7 13 16 6 1  196.000000
1 3 5 11 12 4 2 16 13 8 9 14 6 7 15 10 17 1  337.000000
1 3 14 11 10 13 2 16 15 17 5 4 6 9 7 8 12 1  71.000000
1 3 11 14 10 17 8 9 4 5 6 13 2 16 7 12 15 1  77.000000
1 3 14 11 10 13 2 16 6 5 7 15 4 17 8 9 12 1  51.000000
1 14 8 3 11 10 2 12 9 16 17 4 5 6 7 15 13 1  111.000000
1 12 15 16 17 9 8 5 4 7 6 2 13 3 14 11 10 1  51.000000
1 12 14 3 11 10 2 13 9 8 17 4 5 6 7 15 16 1  39.000000
17 17
1 2 17 9 15 16 11 10 8 13 5 4 6 7 3 14 12 1  143.000000
1 12 11 2 7 5 4 15 6 16 9 8 17 13 10 3 14 1  44.000000
1 14 3 10 13 2 11 16 7 4 5 15 6 17 8 9 12 1  41.000000
1 8 17 9 4 5 7 15 6 16 10 14 3 13 2 11 12 1  40.000000
1 12 9 8 17 2 14 3 11 7 5 4 15 6 16 13 10 1  47.000000
1 11 2 13 15 4 5 7 16 6 8 9 17 10 3 14 12 1  44.000000
1 16 15 13 11 7 6 5 4 8 17 9 10 2 14 3 12 1  55.000000
1 3 14 10 13 16 15 11 2 7 6 5 4 9 8 17 12 1  55.000000
1 12 16 15 7 6 5 4 8 9 17 10 11 2 13 14 3 1  39.000000
1 16 7 8 17 9 4 5 6 15 2 13 14 3 10 11 12 1  51.000000
1 12 17 9 8 13 14 3 10 11 2 16 7 6 5 4 15 1  44.000000
1 12 16 15 11 3 14 10 2 13 7 6 5 4 8 9 17 1  53.000000
1 12 15 6 4 5 17 8 9 13 10 2 3 14 11 16 7 1  53.000000
1 11 2 15 7 6 16 4 5 17 10 3 14 13 8 9 12 1  50.000000
1 12 14 3 2 11 17 8 13 10 9 4 5 6 15 16 7 1  49.000000
1 3 14 2 13 10 11 17 9 8 4 5 7 15 6 16 12 1  39.000000
1 12 16 15 7 6 5 4 8 9 17 10 11 2 13 14 3 1  39.000000
17 17
1 12 3 9 13 2 11 10 15 16 4 5 6 7 8 14 17 1  117.000000
1 12 16 4 5 15 6 7 17 9 8 11 10 2 13 3 14 1  41.000000
1 14 3 10 11 2 13 9 8 17 5 4 15 6 16 7 12 1  39.000000
1 12 3 14 10 16 15 11 13 2 7 6 4 5 8 9 17 1  55.000000
1 10 13 14 3 2 11 8 17 9 5 4 7 6 16 15 12 1  40.000000
1 9 4 5 6 7 16 15 10 13 8 17 11 2 3 14 12 1  49.000000
1 3 14 10 16 15 13 11 2 7 6 4 5 8 9 17 12 1  55.000000
1 14 3 10 2 16 15 11 13 7 6 5 4 9 8 17 12 1  55.000000
1 16 15 13 11 7 6 5 4 8 17 9 10 2 14 3 12 1  55.000000
1 3 14 10 13 16 15 11 2 7 6 5 4 9 8 17 12 1  55.000000
1 12 15 5 4 17 9 8 11 2 13 3 14 10 7 16 6 1  53.000000
1 8 17 9 6 15 16 5 4 7 13 3 14 11 10 2 12 1  42.000000
1 14 3 13 10 16 4 5 6 7 15 9 17 8 11 2 12 1  44.000000
1 7 6 5 4 9 8 17 10 13 3 14 2 11 16 15 12 1  53.000000
1 7 5 4 6 16 15 9 8 17 13 14 3 2 10 11 12 1  42.000000
1 3 14 13 15 16 4 5 7 6 8 9 17 11 10 2 12 1  44.000000
1 14 3 10 11 2 13 9 8 17 5 4 15 6 16 7 12 1  39.000000
17 17
1 2 14 10 13 3 11 6 5 4 15 7 16 12 9 17 8 1  53.000000
1 6 12 17 4 5 7 16 9 8 13 10 11 2 15 14 3 1  115.000000
1 12 13 11 3 14 2 10 4 8 9 6 15 17 5 7 16 1  111.000000
1 12 4 7 8 17 9 15 6 16 13 14 3 10 11 2 5 1  180.000000
1 12 13 11 3 14 2 10 17 8 9 4 5 6 7 15 16 1  40.000000
1 10 4 14 11 2 17 9 3 5 6 15 7 16 8 13 12 1  253.000000
1 3 14 11 2 17 9 8 4 5 15 6 7 16 10 12 13 1  48.000000
1 9 7 8 17 16 4 12 6 15 13 2 10 11 14 3 5 1  222.000000
1 2 13 14 17 9 4 5 6 7 16 15 11 10 8 3 12 1  92.000000
1 15 11 3 7 6 5 16 9 8 17 14 4 12 13 2 10 1  239.000000
1 11 13 2 17 9 8 15 16 6 3 14 10 5 4 7 12 1  131.000000
1 4 7 6 11 10 13 14 5 12 3 2 15 9 8 17 16 1  225.000000
1 12 3 14 10 11 2 5 17 9 6 16 8 4 13 7 15 1  160.000000
1 12 3 13 17 9 8 15 6 5 4 7 16 11 10 14 2 1  50.000000
1 12 3 14 10 11 15 13 6 5 4 17 2 7 9 16 8 1  92.000000
1 14 3 13 10 11 12 6 15 4 5 7 16 2 8 9 17 1  49.000000
1 12 13 11 3 14 2 10 17 8 9 4 5 6 7 15 16 1  40.000000
17 17
1 14 9 10 15 12 16 7 17 8 3 4 5 6 13 11 2 1  181.000000
1 12 3 14 11 2 13 10 15 16 7 9 8 17 4 5 6 1  50.000000
1 14 3 10 2 11 13 9 8 17 5 4 15 6 16 7 12 1  39.000000
1 10 2 8 4 5 6 7 15 16 11 3 14 13 9 17 12 1  50.000000
1 14 3 11 10 8 9 17 5 4 15 6 16 7 2 13 12 1  42.000000
1 3 14 13 11 10 2 9 8 17 5 4 7 6 16 15 12 1  39.000000
1 3 14 10 13 16 15 11 2 7 6 5 4 9 8 17 12 1  55.000000
1 12 9 17 8 4 5 6 7 16 15 10 11 2 13 14 3 1  39.000000
1 8 17 9 2 13 15 16 4 5 6 7 10 11 14 3 12 1  46.000000
1 12 6 7 15 4 5 16 11 3 14 13 9 17 8 10 2 1  47.000000
1 12 6 16 7 5 4 15 11 3 14 13 9 17 8 10 2 1  47.000000
1 10 2 8 4 5 6 7 15 16 11 3 14 13 9 17 12 1  50.000000
1 12 10 2 11 3 14 13 15 16 4 5 6 7 9 8 17 1  42.000000
1 14 3 13 2 7 15 16 6 5 4 9 8 17 10 11 12 1  42.000000
1 12 14 3 10 13 11 2 7 6 5 4 9 8 17 15 16 1  50.000000
1 3 14 2 11 10 13 17 9 8 4 5 7 15 6 16 12 1  39.000000
1 14 3 10 2 11 13 9 8 17 5 4 15 6 16 7 12 1  39.000000
17 17
1 3 14 12 13 16 6 5 4 15 7 17 8 9 2 11 10 1  49.000000
1 12 15 16 2 13 11 7 6 4 5 17 8 9 10 3 14 1  55.000000
1 11 13 14 3 10 2 16 6 4 5 7 15 17 8 9 12 1  42.000000
1 12 14 3 2 8 9 17 5 4 15 7 6 16 10 13 11 1  42.000000
1 12 11 10 2 14 3 13 9 8 5 4 15 6 16 7 17 1  45.000000
1 9 17 8 7 6 5 4 15 16 13 2 10 11 3 14 12 1  41.000000
1 2 13 15 5 4 7 6 16 8 9 17 11 10 3 14 12 1  44.000000
1 12 7 6 5 4 15 16 13 10 9 8 17 11 2 3 14 1  46.000000
1 7 6 13 2 8 5 4 15 16 12 14 11 9 17 10 3 1  73.000000
1 12 7 16 10 11 14 3 13 2 15 6 4 5 8 9 17 1  53.000000
1 8 17 9 13 11 10 14 3 2 7 6 5 4 15 16 12 1  44.000000
1 12 16 15 13 11 7 6 5 4 9 8 17 10 2 14 3 1  55.000000
1 12 3 14 13 2 11 10 16 5 4 7 15 6 17 8 9 1  41.000000
1 12 3 14 13 16 15 8 17 9 4 5 6 7 11 2 10 1  53.000000
1 14 3 10 13 2 11 8 17 9 4 5 16 7 6 15 12 1  39.000000
1 12 7 6 5 4 8 9 17 13 3 14 11 10 2 15 16 1  53.000000
1 14 3 10 13 2 11 8 17 9 4 5 16 7 6 15 12 1  39.000000
17 17
1 12 9 8 17 5 4 15 10 14 3 16 6 7 13 11 2 1  93.000000
1 12 15 16 2 14 3 10 7 6 4 5 8 9 17 11 13 1  56.000000
1 12 9 8 17 5 4 15 6 16 7 10 11 2 13 14 3 1  39.000000
1 16 15 13 11 7 6 5 4 8 17 9 10 2 14 3 12 1  55.000000
1 17 9 8 2 10 13 6 5 4 15 7 16 11 3 14 12 1  46.000000
1 3 14 13 11 10 2 9 8 17 5 4 7 6 16 15 12 1  39.000000
1 3 14 10 13 16 15 11 2 7 6 5 4 9 8 17 12 1  55.000000
1 12 9 17 8 4 5 6 7 16 15 10 11 2 13 14 3 1  39.000000
1 8 17 9 2 13 15 16 4 5 6 7 10 11 14 3 12 1  46.000000
1 10 2 15 16 7 6 4 5 8 11 3 14 13 9 17 12 1  50.000000
1 12 7 16 6 5 4 15 11 3 14 13 9 17 8 2 10 1  47.000000
1 10 2 8 4 5 6 7 15 16 11 3 14 13 9 17 12 1  50.000000
1 10 2 13 8 9 17 15 7 16 4 5 6 11 14 3 12 1  44.000000
1 12 17 9 8 7 15 16 4 5 6 13 11 2 10 14 3 1  41.000000
1 12 2 13 10 14 3 11 7 6 5 4 9 8 17 15 16 1  51.000000
1 12 17 5 4 7 6 16 15 2 3 14 11 10 13 9 8 1  47.000000
1 12 9 8 17 5 4 15 6 16 7 10 11 2 13 14 3 1  39.000000
17 17
1 12 15 7 6 16 4 5 8 17 9 11 10 13 2 3 14 1  39.000000
1 14 3 10 2 16 15 13 11 7 6 4 5 17 8 9 12 1  55.000000
1 12 2 10 11 14 3 13 17 8 9 6 15 4 5 7 16 1  42.000000
1 14 3 13 8 9 17 5 4 15 7 6 16 2 10 11 12 1  42.000000
1 12 16 15 5 4 7 6 11 10 14 3 2 13 8 9 17 1  44.000000
1 14 3 12 7 6 4 5 8 9 17 11 2 13 10 15 16 1  57.000000
1 12 3 14 11 17 9 8 16 15 4 5 7 6 13 2 10 1  44.000000
1 16 15 13 11 7 6 5 4 8 17 9 10 2 14 3 12 1  55.000000
1 3 14 10 13 16 15 11 2 7 6 5 4 9 8 17 12 1  55.000000
1 12 14 3 13 2 7 15 5 4 6 16 11 10 17 8 9 1  46.000000
1 13 2 7 15 8 9 17 5 4 6 16 11 10 3 14 12 1  53.000000
1 12 16 7 4 5 15 6 10 11 13 3 14 2 9 17 8 1  44.000000
1 7 15 5 4 6 16 11 10 13 3 14 2 8 17 9 12 1  44.000000
1 12 14 3 10 13 17 9 8 2 11 15 5 4 6 16 7 1  46.000000
1 12 7 16 5 4 6 15 11 10 2 3 14 13 9 17 8 1  44.000000
1 10 2 8 4 5 6 7 15 16 11 3 14 13 9 17 12 1  50.000000
1 12 15 7 6 16 4 5 8 17 9 11 10 13 2 3 14 1  39.000000
17 17
1 12 9 8 11 3 14 2 15 16 7 17 10 13 4 5 6 1  99.000000
1 12 10 2 8 17 9 4 5 6 7 16 15 13 11 3 14 1  42.000000
1 12 9 8 17 5 4 15 6 16 7 10 11 2 13 14 3 1  39.000000
1 16 15 13 11 7 6 5 4 8 17 9 10 2 14 3 12 1  55.000000
1 14 3 10 13 8 17 11 2 9 4 5 6 7 16 15 12 1  49.000000
1 12 3 14 13 2 9 8 17 10 11 15 5 4 7 6 16 1  46.000000
1 3 14 10 13 16 15 11 2 7 6 5 4 9 8 17 12 1  55.000000
1 12 9 17 8 4 5 6 7 16 15 10 11 2 13 14 3 1  39.000000
1 8 17 9 2 13 15 16 4 5 6 7 10 11 14 3 12 1  46.000000
1 16 6 15 9 17 8 5 4 7 2 13 10 11 3 14 12 1  50.000000
1 12 7 16 6 5 4 15 2 3 14 10 9 17 8 13 11 1  47.000000
1 10 2 8 4 5 6 7 15 16 11 3 14 13 9 17 12 1  50.000000
1 10 2 6 7 4 5 8 9 17 11 3 14 13 15 16 12 1  56.000000
1 12 2 11 10 3 14 13 15 6 7 16 5 4 9 17 8 1  40.000000
1 15 7 5 4 16 6 17 8 9 10 3 14 13 2 11 12 1  42.000000
1 15 4 5 7 6 16 17 8 9 11 3 14 13 2 10 12 1  42.000000
1 12 9 8 17 5 4 15 6 16 7 10 11 2 13 14 3 1  39.000000
17 17
1 13 2 11 12 14 3 8 9 17 15 7 16 4 5 6 10 1  66.000000
1 12 2 11 13 14 3 10 8 17 9 5 4 15 7 16 6 1  40.000000
1 12 2 10 11 13 3 14 17 8 9 6 15 4 5 7 16 1  58.000000
1 3 9 13 8 7 6 5 4 11 17 14 10 2 15 16 12 1  151.000000
1 3 14 13 8 9 17 11 10 15 7 5 4 2 6 16 12 1  96.000000
1 12 3 11 2 13 10 16 7 8 15 9 4 5 6 17 14 1  97.000000
1 12 3 8 15 9 4 5 6 17 2 13 14 7 10 11 16 1  151.000000
1 12 3 16 17 13 11 2 7 6 4 5 8 14 10 15 9 1  142.000000
1 15 16 4 5 6 7 14 11 12 3 8 2 17 10 9 13 1  133.000000
1 8 3 10 11 2 13 12 14 9 17 7 15 16 4 5 6 1  94.000000
1 3 14 10 8 17 9 2 13 11 7 4 5 6 16 15 12 1  46.000000
1 12 6 11 13 14 7 8 9 17 16 2 3 5 4 10 15 1  230.000000
1 12 15 4 5 6 7 16 9 2 17 8 3 14 11 10 13 1  70.000000
1 12 2 11 13 3 17 9 16 6 8 15 5 4 7 10 14 1  82.000000
1 12 10 11 13 14 3 2 16 7 15 6 4 5 9 17 8 1  40.000000
1 12 2 13 10 17 11 8 4 5 6 7 15 16 9 14 3 1  75.000000
1 12 2 11 13 14 3 10 8 17 9 5 4 15 7 16 6 1  40.000000
17 17
1 7 6 16 9 15 4 5 17 13 14 3 11 2 8 10 12 1  66.000000
1 2 6 15 16 7 4 5 8 10 3 14 13 11 9 17 12 1  50.000000
1 7 6 16 4 5 15 10 13 11 9 8 17 2 3 14 12 1  46.000000
1 12 15 16 2 13 11 7 6 5 4 9 8 17 10 3 14 1  55.000000
1 10 13 7 6 4 5 16 15 11 3 14 2 8 9 17 12 1  47.000000
1 12 16 6 4 5 15 7 11 3 14 2 9 8 17 10 13 1  47.000000
1 12 8 4 5 7 16 15 6 2 11 14 3 13 10 9 17 1  47.000000
1 12 7 6 5 4 8 17 9 2 3 14 13 11 10 15 16 1  53.000000
1 12 7 6 16 15 5 4 17 9 8 11 10 13 2 14 3 1  39.000000
1 12 10 13 2 3 14 11 15 4 5 6 7 16 8 17 9 1  42.000000
1 17 9 8 10 11 14 3 2 16 5 4 7 15 6 13 12 1  47.000000
1 9 4 5 6 11 2 8 17 10 3 12 15 16 7 13 14 1  73.000000
1 13 10 2 14 3 11 7 6 4 5 8 9 17 16 15 12 1  51.000000
1 8 17 11 10 16 15 13 3 14 2 9 4 5 6 7 12 1  63.000000
1 10 11 3 14 2 13 17 8 9 5 4 15 7 6 16 12 1  40.000000
1 12 2 10 11 14 3 13 8 9 17 7 16 15 4 5 6 1  42.000000
1 12 7 6 16 15 5 4 17 9 8 11 10 13 2 14 3 1  39.000000
17 17
1 16 5 2 17 11 14 3 13 4 12 8 9 7 6 15 10 1  198.000000
1 17 8 9 12 2 16 5 4 7 6 15 10 11 14 3 13 1  50.000000
1 16 5 6 7 4 15 8 17 9 2 14 3 13 11 10 12 1  54.000000
1 6 3 11 10 14 5 4 13 7 16 2 15 17 8 9 12 1  221.000000
1 12 2 13 10 6 5 4 16 7 15 17 3 9 11 8 14 1  122.000000
1 12 2 13 5 4 7 6 8 15 11 3 14 10 16 9 17 1  108.000000
1 12 2 11 13 14 3 10 6 7 16 8 9 17 5 4 15 1  51.000000
1 12 2 13 11 14 3 10 17 9 8 5 4 15 16 7 6 1  40.000000
1 2 13 10 15 11 12 17 4 5 6 7 16 9 8 14 3 1  84.000000
1 2 13 10 15 4 5 6 9 11 8 3 7 14 12 16 17 1  191.000000
1 2 13 10 11 4 5 6 7 16 9 17 8 15 14 3 12 1  128.000000
1 13 11 16 6 7 2 5 17 4 8 9 15 10 3 14 12 1  127.000000
1 13 11 16 6 4 14 12 10 15 7 9 5 3 17 8 2 1  233.000000
1 13 11 16 12 14 2 10 3 6 7 4 5 17 9 8 15 1  112.000000
1 13 17 16 6 4 5 7 15 11 9 8 2 10 14 3 12 1  54.000000
1 16 5 4 7 6 10 14 2 3 12 15 13 11 8 17 9 1  68.000000
1 12 2 13 11 14 3 10 17 9 8 5 4 15 16 7 6 1  40.000000
17 17
1 8 15 6 5 10 9 17 11 3 14 4 7 16 13 2 12 1  169.000000
1 8 15 3 7 16 5 9 4 12 17 11 2 13 14 6 10 1  261.000000
1 17 11 2 10 15 13 7 5 4 9 6 16 8 12 3 14 1  83.000000
1 12 11 6 7 16 5 4 17 9 15 3 14 8 13 2 10 1  119.000000
1 12 3 2 17 9 13 7 5 4 15 6 16 8 10 11 14 1  59.000000
1 10 15 6 7 16 5 4 8 17 9 13 14 3 2 12 11 1  49.000000
1 15 4 9 17 8 5 16 7 6 3 13 11 10 2 14 12 1  105.000000
1 15 4 5 16 7 6 8 17 9 11 3 14 10 13 2 12 1  42.000000
1 8 15 6 7 16 5 4 17 9 11 2 14 10 13 3 12 1  50.000000
1 10 11 2 14 3 13 17 4 5 6 7 16 15 8 9 12 1  45.000000
1 12 2 17 3 14 7 16 4 11 5 6 13 9 8 10 15 1  224.000000
1 12 2 15 6 7 16 5 4 9 8 17 11 13 3 14 10 1  43.000000
1 12 16 15 7 13 5 4 17 2 10 11 8 9 6 3 14 1  149.000000
1 12 2 10 3 14 4 13 15 11 5 6 7 16 17 9 8 1  209.000000
1 13 3 14 2 17 6 5 4 10 12 16 15 7 9 8 11 1  103.000000
1 12 16 15 7 6 5 4 9 8 17 13 14 3 2 10 11 1  40.000000
1 12 16 15 7 6 5 4 9 8 17 13 14 3 2 10 11 1  40.000000
17 17
1 7 4 5 6 16 15 9 17 8 2 13 10 12 11 3 14 1  47.000000
1 12 3 14 2 11 15 16 6 7 5 4 9 17 8 13 10 1  42.000000
1 12 11 10 3 14 2 13 8 9 17 4 5 16 15 6 7 1  40.000000
1 12 11 13 2 14 3 10 17 8 4 5 6 7 15 16 9 1  45.000000
1 12 11 10 3 14 13 2 9 8 17 4 5 7 15 6 16 1  40.000000
1 3 14 11 2 13 10 15 4 5 6 7 16 9 8 17 12 1  41.000000
1 12 15 16 4 5 6 7 8 9 17 2 13 10 11 3 14 1  41.000000
1 12 10 2 13 14 3 11 15 16 7 6 5 4 9 8 17 1  40.000000
1 8 17 9 2 13 15 16 4 5 6 7 10 11 14 3 12 1  46.000000
1 3 14 12 15 16 10 2 13 11 7 6 4 5 8 9 17 1  57.000000
1 3 14 11 2 7 6 5 4 9 8 17 13 10 16 15 12 1  55.000000
1 12 3 14 2 10 11 13 6 15 16 7 5 4 17 8 9 1  39.000000
1 12 17 8 9 4 5 6 7 15 16 13 10 11 2 3 14 1  39.000000
1 12 3 14 2 10 11 13 16 4 5 6 7 15 9 17 8 1  41.000000
1 3 14 10 13 7 16 15 5 4 6 11 2 8 9 17 12 1  46.000000
1 12 8 17 9 6 15 4 5 7 16 13 11 3 14 10 2 1  42.000000
1 12 3 14 2 10 11 13 6 15 16 7 5 4 17 8 9 1  39.000000
17 17
1 12 9 11 2 3 14 10 6 5 4 7 15 16 8 17 13 1  52.000000
1 12 6 5 4 7 16 15 8 17 9 13 10 2 11 3 14 1  41.000000
1 3 14 2 17 8 9 4 5 15 7 16 6 11 10 13 12 1  42.000000
1 3 16 2 10 11 17 12 9 8 5 4 7 14 6 15 13 1  203.000000
1 12 6 3 14 2 10 11 13 9 8 17 7 15 16 5 4 1  128.000000
1 14 6 10 11 13 2 8 17 9 3 15 5 4 16 7 12 1  160.000000
1 14 3 10 11 16 2 8 17 9 7 13 5 4 6 15 12 1  107.000000
1 12 17 5 4 7 6 16 11 13 10 14 3 2 9 8 15 1  58.000000
1 14 3 10 11 4 2 15 13 5 6 7 16 9 8 17 12 1  187.000000
1 7 16 5 4 17 8 9 6 15 2 11 13 10 3 12 14 1  60.000000
1 15 14 12 10 7 16 5 4 17 8 9 3 6 2 13 11 1  177.000000
1 3 5 13 2 10 11 17 6 16 15 12 8 9 4 14 7 1  293.000000
1 3 14 13 4 17 8 9 11 10 15 6 2 5 7 12 16 1  167.000000
1 10 11 17 8 9 6 16 4 5 7 15 12 2 3 14 13 1  48.000000
1 3 14 13 2 10 11 16 15 4 5 7 6 8 9 17 12 1  41.000000
1 16 6 5 4 7 9 17 8 15 12 2 11 14 3 10 13 1  56.000000
1 12 6 5 4 7 16 15 8 17 9 13 10 2 11 3 14 1  41.000000
17 17
1 7 4 5 6 16 15 9 17 8 2 13 10 12 14 3 11 1  47.000000
1 12 3 14 2 11 15 16 6 7 5 4 9 17 8 13 10 1  42.000000
1 15 4 5 7 16 6 13 2 11 8 9 17 10 14 3 12 1  46.000000
1 12 11 13 2 14 3 10 17 8 4 5 6 7 15 16 9 1  45.000000
1 12 3 14 13 11 9 8 17 4 5 7 15 6 16 2 10 1  42.000000
1 12 2 13 10 14 3 11 8 17 9 4 5 6 7 16 15 1  40.000000
1 12 14 3 2 13 10 11 16 4 5 6 7 15 9 17 8 1  41.000000
1 15 16 7 6 5 4 9 8 17 13 10 2 11 3 14 12 1  39.000000
1 12 15 16 7 17 8 9 4 5 6 13 2 3 14 11 10 1  51.000000
1 8 17 9 11 2 7 6 4 5 16 15 10 13 14 3 12 1  46.000000
1 12 15 16 2 11 14 3 10 7 6 5 4 9 8 17 13 1  56.000000
1 12 3 14 2 10 13 11 16 15 6 7 5 4 17 9 8 1  39.000000
1 12 17 8 9 4 5 6 7 15 16 13 10 11 2 3 14 1  39.000000
1 12 3 14 2 10 11 13 16 4 5 6 7 15 9 17 8 1  41.000000
1 3 14 10 13 7 16 15 5 4 6 11 2 17 9 8 12 1  46.000000
1 12 8 17 9 6 15 4 5 7 16 13 11 3 14 10 2 1  42.000000
1 15 16 7 6 5 4 9 8 17 13 10 2 11 3 14 12 1  39.000000
17 17
1 12 16 3 2 11 10 13 15 5 4 6 7 14 17 9 8 1  160.000000
1 10 2 16 15 7 6 4 5 17 8 9 13 11 14 3 12 1  42.000000
1 12 7 5 4 15 6 16 2 14 3 11 10 13 9 8 17 1  44.000000
1 12 9 8 2 11 13 17 5 4 6 7 16 15 10 3 14 1  49.000000
1 14 3 10 2 11 13 9 8 17 5 4 15 6 16 7 12 1  39.000000
1 14 3 10 2 13 11 15 5 4 6 7 16 17 8 9 12 1  41.000000
1 12 14 3 13 2 10 11 17 9 8 5 4 15 7 6 16 1  39.000000
1 3 14 10 11 2 13 17 9 8 4 5 15 7 6 16 12 1  39.000000
1 14 3 10 11 13 2 15 4 5 6 7 16 9 8 17 12 1  41.000000
1 16 6 5 4 7 15 9 8 17 10 14 3 13 2 11 12 1  42.000000
1 14 3 2 11 15 16 5 4 7 6 13 10 8 17 9 12 1  46.000000
1 12 8 17 9 15 16 4 5 6 7 13 11 10 2 14 3 1  41.000000
1 12 14 3 10 2 7 6 4 5 8 9 17 15 16 11 13 1  53.000000
1 17 9 8 15 6 5 4 7 16 2 14 3 10 11 13 12 1  42.000000
1 14 3 2 11 10 13 9 17 8 4 5 15 6 7 16 12 1  39.000000
1 12 7 5 4 16 15 6 9 8 17 11 3 14 10 13 2 1  42.000000
1 14 3 10 2 11 13 9 8 17 5 4 15 6 16 7 12 1  39.000000
17 17
1 13 15 7 5 4 16 6 9 8 17 12 2 14 3 10 11 1  48.000000
1 12 9 8 17 13 3 14 11 2 10 16 5 4 15 6 7 1  44.000000
1 8 9 17 10 14 3 2 11 13 6 5 4 15 7 16 12 1  44.000000
1 12 15 4 5 7 6 16 17 9 8 10 2 3 14 11 13 1  42.000000
1 12 3 14 11 2 10 13 16 4 5 7 15 6 9 17 8 1  41.000000
1 12 14 3 11 10 13 2 6 7 4 5 17 9 8 16 15 1  50.000000
1 12 6 7 9 8 17 11 13 2 16 4 5 15 10 3 14 1  57.000000
1 12 6 5 4 9 8 17 7 15 16 13 14 3 10 2 11 1  51.000000
1 15 16 13 2 6 7 4 5 8 9 17 11 10 3 14 12 1  55.000000
1 12 17 9 8 5 4 15 6 7 16 13 10 11 2 14 3 1  39.000000
1 12 10 2 17 9 8 16 7 5 4 15 6 13 11 3 14 1  44.000000
1 8 9 17 2 13 16 5 4 7 6 15 10 11 14 3 12 1  46.000000
1 3 14 12 15 16 10 2 13 11 7 6 4 5 8 9 17 1  57.000000
1 7 5 4 16 6 15 13 2 14 3 11 10 9 8 17 12 1  44.000000
1 15 7 5 4 16 6 17 8 9 10 3 14 13 2 11 12 1  42.000000
1 13 10 8 9 17 7 16 4 5 15 6 2 11 14 3 12 1  44.000000
1 12 17 9 8 5 4 15 6 7 16 13 10 11 2 14 3 1  39.000000
17 17
1 14 3 13 10 2 11 17 8 9 4 5 6 7 15 16 12 1  39.000000
1 12 14 3 13 2 15 16 5 4 7 6 8 9 17 10 11 1  44.000000
1 8 9 13 11 17 5 4 6 7 16 15 10 2 14 3 12 1  49.000000
1 14 3 11 13 10 2 8 17 9 5 4 15 6 7 16 12 1  39.000000
1 2 13 10 3 14 11 17 8 9 7 16 5 4 15 6 12 1  42.000000
1 12 9 8 13 10 3 14 2 11 17 4 5 6 7 15 16 1  47.000000
1 11 8 9 17 4 5 6 7 2 10 3 14 13 16 15 12 1  56.000000
1 12 15 7 16 13 11 10 8 17 9 4 5 6 2 3 14 1  55.000000
1 10 13 16 15 11 14 3 2 7 6 5 4 17 8 9 12 1  56.000000
1 12 8 9 17 13 2 3 14 10 11 6 5 4 15 7 16 1  44.000000
1 9 17 5 4 8 10 14 3 11 2 13 16 7 6 15 12 1  56.000000
1 9 8 17 4 5 6 7 16 15 10 11 2 13 14 3 12 1  39.000000
1 12 10 11 13 3 14 2 17 9 8 5 4 7 6 16 15 1  40.000000
1 14 3 11 2 13 10 7 5 4 15 16 6 17 8 9 12 1  41.000000
1 12 14 3 13 2 9 17 8 10 11 16 5 4 15 6 7 1  46.000000
1 14 3 11 15 7 16 6 5 4 9 17 8 13 10 2 12 1  42.000000
1 14 3 13 10 2 11 17 8 9 4 5 6 7 15 16 12 1  39.000000
17 17
1 12 9 8 17 4 5 6 15 16 7 13 10 11 2 3 14 1  39.000000
1 2 13 11 7 5 4 6 16 15 9 17 8 10 14 3 12 1  44.000000
1 6 4 5 16 13 2 9 17 8 15 7 10 11 14 3 12 1  57.000000
1 14 3 2 13 15 5 4 6 10 11 7 16 17 9 8 12 1  57.000000
1 10 2 17 9 8 4 5 15 13 3 14 11 6 16 7 12 1  56.000000
1 17 9 8 4 5 16 15 6 7 11 3 14 2 10 13 12 1  40.000000
1 3 14 2 11 9 4 5 16 7 15 6 13 10 8 17 12 1  49.000000
1 3 14 2 15 16 13 10 11 7 6 5 4 17 8 9 12 1  55.000000
1 12 17 9 8 5 4 6 15 7 16 2 10 13 11 3 14 1  39.000000
1 3 14 11 2 8 17 9 10 13 15 4 5 6 16 7 12 1  46.000000
1 12 15 7 10 11 13 14 3 2 8 9 17 4 5 6 16 1  53.000000
1 14 3 2 13 11 10 9 17 8 5 4 16 6 15 7 12 1  39.000000
1 12 14 3 2 13 15 4 5 6 7 16 9 8 17 11 10 1  44.000000
1 13 10 2 15 7 8 9 17 4 5 6 16 11 14 3 12 1  53.000000
1 13 10 11 3 14 2 16 15 7 8 9 17 4 5 6 12 1  51.000000
1 17 9 2 13 8 5 4 7 6 16 15 10 11 14 3 12 1  49.000000
1 12 9 8 17 4 5 6 15 16 7 13 10 11 2 3 14 1  39.000000
17 17
1 12 15 16 7 9 8 13 2 17 4 5 6 11 3 10 14 1  66.000000
1 3 14 13 2 15 4 5 16 6 7 8 17 9 10 11 12 1  44.000000
1 8 17 13 11 9 4 5 16 7 6 15 10 2 14 3 12 1  49.000000
1 12 15 16 7 6 5 4 9 8 17 10 3 14 2 13 11 1  40.000000
1 12 9 8 17 15 16 5 4 7 6 10 2 3 14 11 13 1  42.000000
1 8 17 9 6 15 16 5 4 7 2 14 3 10 11 13 12 1  42.000000
1 12 15 16 5 4 7 6 13 11 17 9 8 2 10 3 14 1  46.000000
1 12 6 15 11 10 2 16 7 4 5 8 9 17 13 3 14 1  55.000000
1 11 10 16 5 4 7 6 15 2 3 14 13 8 9 17 12 1  47.000000
1 12 15 4 5 9 17 8 7 6 16 13 3 14 11 10 2 1  51.000000
1 12 13 10 11 3 14 2 7 15 16 6 5 4 17 9 8 1  40.000000
1 14 3 10 2 13 11 15 4 5 6 7 16 9 8 17 12 1  41.000000
1 15 16 13 2 6 7 4 5 8 9 17 11 10 3 14 12 1  55.000000
1 14 3 10 2 13 11 8 9 17 4 5 6 7 15 16 12 1  39.000000
1 14 3 10 11 17 8 9 2 13 16 15 5 4 6 7 12 1  46.000000
1 12 15 6 13 11 2 16 7 4 5 9 17 8 10 14 3 1  55.000000
1 14 3 10 2 13 11 8 9 17 4 5 6 7 15 16 12 1  39.000000
17 17
1 12 17 8 9 5 4 6 15 7 16 2 13 10 11 3 14 1  39.000000
1 14 3 10 11 16 7 6 15 2 13 9 17 5 4 8 12 1  58.000000
1 8 9 2 13 17 5 4 6 7 16 15 10 11 14 3 12 1  49.000000
1 12 17 8 9 5 4 6 7 15 16 2 11 14 3 10 13 1  40.000000
1 12 3 14 11 15 5 4 7 6 16 17 8 9 2 13 10 1  44.000000
1 7 16 6 8 9 17 5 4 15 11 13 14 3 10 2 12 1  51.000000
1 8 17 11 13 9 4 5 6 7 15 16 10 2 14 3 12 1  49.000000
1 17 8 9 5 4 6 16 2 11 3 14 13 10 15 7 12 1  53.000000
1 11 2 7 6 4 5 8 9 10 3 14 13 16 15 17 12 1  61.000000
1 12 8 17 9 4 5 6 2 11 14 3 13 10 7 15 16 1  53.000000
1 8 9 17 2 13 11 3 14 10 6 15 4 5 16 7 12 1  44.000000
1 9 8 17 4 5 6 7 16 15 13 11 3 14 2 10 12 1  40.000000
1 12 15 4 5 16 10 2 11 3 14 13 6 7 17 9 8 1  55.000000
1 12 2 11 13 3 14 10 15 16 4 5 6 7 8 9 17 1  42.000000
1 12 16 6 7 15 5 4 9 8 17 10 3 14 13 11 2 1  40.000000
1 12 6 7 4 5 15 16 17 8 9 13 10 3 14 11 2 1  42.000000
1 12 17 8 9 5 4 6 15 7 16 2 13 10 11 3 14 1  39.000000
17 17
1 12 13 10 3 14 2 5 6 7 15 16 4 11 9 17 8 1  127.000000
1 12 17 8 11 14 3 10 13 2 9 4 5 16 15 6 7 1  47.000000
1 12 13 10 3 14 2 11 17 9 8 4 5 15 6 7 16 1  40.000000
1 12 17 8 9 5 4 6 7 10 3 14 11 16 15 2 13 1  56.000000
1 12 17 8 11 13 9 4 5 7 15 6 16 2 10 3 14 1  49.000000
1 14 3 13 2 10 11 9 17 8 4 5 15 7 6 16 12 1  39.000000
1 12 15 6 17 13 2 11 16 7 4 5 8 9 10 14 3 1  60.000000
1 16 6 4 5 9 8 11 14 3 13 17 7 15 2 10 12 1  61.000000
1 17 8 9 2 10 11 14 3 13 16 4 5 7 15 6 12 1  44.000000
1 15 7 5 4 9 17 8 6 16 10 2 13 11 3 14 12 1  50.000000
1 12 3 14 11 2 13 10 16 4 5 6 7 15 17 9 8 1  41.000000
1 10 2 16 15 7 6 5 4 17 8 9 13 11 14 3 12 1  42.000000
1 12 2 11 17 16 15 13 3 14 10 8 9 4 5 6 7 1  61.000000
1 10 13 14 3 2 11 7 16 15 6 4 5 17 9 8 12 1  40.000000
1 12 15 5 4 6 7 16 8 17 9 11 10 13 2 14 3 1  41.000000
1 7 6 8 17 9 4 5 16 15 2 13 10 11 3 14 12 1  50.000000
1 14 3 13 2 10 11 9 17 8 4 5 15 7 6 16 12 1  39.000000
17 17
1 16 15 7 6 5 4 17 8 9 13 11 14 3 2 10 12 1  40.000000
1 16 15 8 17 9 4 5 6 7 2 13 10 11 14 3 12 1  50.000000
1 12 13 10 11 7 6 4 5 17 8 9 16 15 2 3 14 1  53.000000
1 15 16 2 10 7 6 4 5 17 8 9 13 11 3 14 12 1  55.000000
1 14 3 10 2 11 13 9 8 17 4 5 15 6 16 7 12 1  39.000000
1 8 9 13 2 17 4 5 6 7 15 16 11 10 3 14 12 1  49.000000
1 12 11 2 8 17 9 7 15 4 5 6 16 13 10 3 14 1  44.000000
1 14 3 12 6 7 17 11 2 10 13 16 15 4 5 9 8 1  62.000000
1 7 6 5 4 17 8 9 11 2 10 13 16 15 12 14 3 1  57.000000
1 12 16 6 4 5 7 15 17 8 9 11 10 2 13 14 3 1  41.000000
1 12 15 5 4 16 7 6 8 17 9 10 2 13 11 14 3 1  41.000000
1 12 2 10 13 17 9 8 7 6 15 5 4 16 11 14 3 1  44.000000
1 12 15 5 4 16 7 6 8 17 9 10 3 14 2 13 11 1  42.000000
1 12 15 5 4 16 7 6 9 8 17 11 3 14 13 2 10 1  42.000000
1 13 10 2 6 7 8 9 17 5 4 15 16 11 14 3 12 1  53.000000
1 12 3 14 11 2 17 8 9 4 5 7 6 13 10 16 15 1  55.000000
1 14 3 10 2 11 13 9 8 17 4 5 15 6 16 7 12 1  39.000000
17 17
1 16 15 8 17 7 6 5 4 10 2 9 13 11 14 3 12 1  96.000000
1 16 15 8 17 9 4 5 6 7 2 13 10 11 14 3 12 1  50.000000
1 12 13 10 11 7 6 4 5 17 8 9 16 15 2 3 14 1  53.000000
1 15 16 2 10 7 6 4 5 17 8 9 13 11 3 14 12 1  55.000000
1 14 3 10 2 11 13 9 8 17 4 5 15 6 16 7 12 1  39.000000
1 8 9 13 2 17 4 5 6 15 7 16 11 10 3 14 12 1  49.000000
1 12 11 2 8 17 9 7 15 4 5 6 16 13 10 3 14 1  44.000000
1 12 10 13 16 15 4 5 9 8 11 14 3 2 6 7 17 1  61.000000
1 7 6 5 4 17 8 9 11 2 10 13 16 15 12 14 3 1  57.000000
1 12 16 6 4 5 7 15 17 8 9 11 10 2 13 14 3 1  41.000000
1 12 15 5 4 16 7 6 8 17 9 10 2 13 11 14 3 1  41.000000
1 12 2 10 13 17 9 8 7 6 15 5 4 16 11 14 3 1  44.000000
1 12 15 5 4 16 7 6 8 17 9 10 3 14 2 13 11 1  42.000000
1 12 15 5 4 16 7 6 9 8 17 11 3 14 13 2 10 1  42.000000
1 13 10 2 6 7 8 9 17 5 4 15 16 11 14 3 12 1  53.000000
1 12 11 2 10 14 3 13 9 8 4 5 6 7 15 16 17 1  45.000000
1 14 3 10 2 11 13 9 8 17 4 5 15 6 16 7 12 1  39.000000
17 17
1 11 13 10 3 14 2 15 4 5 6 7 16 9 17 8 12 1  42.000000
1 16 6 8 17 9 4 5 15 7 2 14 3 10 13 11 12 1  51.000000
1 12 13 10 3 14 2 11 17 9 8 4 5 15 6 7 16 1  40.000000
1 12 2 11 7 6 4 5 17 8 9 10 3 14 13 16 15 1  56.000000
1 14 3 13 11 10 2 8 9 17 4 5 6 15 16 7 12 1  39.000000
1 3 14 13 10 17 9 8 2 11 16 15 4 5 6 7 12 1  46.000000
1 7 6 5 4 17 9 8 11 2 10 13 15 16 12 14 3 1  57.000000
1 3 14 12 15 7 17 11 2 10 13 16 6 4 5 9 8 1  62.000000
1 7 6 5 4 17 8 9 11 2 10 13 16 15 12 14 3 1  57.000000
1 12 16 6 4 5 7 15 17 8 9 11 10 2 13 14 3 1  41.000000
1 3 14 10 11 2 13 9 17 8 5 4 6 7 15 16 12 1  39.000000
1 10 2 7 15 16 6 5 4 17 8 9 11 13 14 3 12 1  42.000000
1 7 16 15 8 9 17 5 4 6 11 13 10 2 3 14 12 1  50.000000
1 3 14 2 13 11 10 16 15 5 4 6 7 9 8 17 12 1  41.000000
1 12 13 2 16 15 5 4 6 7 9 8 17 10 11 3 14 1  44.000000
1 12 13 10 3 14 2 11 16 5 4 8 17 9 6 15 7 1  51.000000
1 14 3 13 11 10 2 8 9 17 4 5 6 15 16 7 12 1  39.000000
17 17
1 14 3 2 10 13 11 16 4 5 6 7 15 9 17 8 12 1  41.000000
1 12 17 8 9 5 4 15 6 7 16 11 13 14 3 2 10 1  40.000000
1 12 3 14 11 2 10 13 6 4 5 7 15 16 17 9 8 1  41.000000
1 14 3 10 11 15 16 13 2 7 6 5 4 8 17 9 12 1  55.000000
1 14 3 13 11 2 10 9 8 17 4 5 15 7 16 6 12 1  39.000000
1 12 6 5 4 7 11 10 13 17 8 9 16 15 2 3 14 1  57.000000
1 12 6 7 4 5 17 8 9 2 13 10 3 14 11 16 15 1  53.000000
1 14 3 12 15 7 17 11 13 10 2 16 6 4 5 9 8 1  62.000000
1 12 6 7 4 5 8 9 17 15 16 2 13 11 10 14 3 1  50.000000
1 7 16 13 3 14 10 15 6 5 4 9 8 17 2 11 12 1  56.000000
1 14 3 10 2 13 11 6 16 5 4 17 8 9 15 7 12 1  50.000000
1 16 15 13 11 7 6 5 4 8 17 9 10 2 14 3 12 1  55.000000
1 14 3 2 16 15 4 5 6 7 8 9 17 13 11 10 12 1  44.000000
1 12 3 14 11 2 10 13 8 17 9 5 4 15 16 7 6 1  39.000000
1 12 3 14 11 2 10 13 8 17 9 5 4 15 16 7 6 1  39.000000
1 14 3 2 10 13 11 15 4 5 16 7 6 9 17 8 12 1  41.000000
1 14 3 13 11 2 10 9 8 17 4 5 15 7 16 6 12 1  39.000000
17 17
1 16 15 8 17 7 6 5 4 10 2 9 13 11 14 3 12 1  96.000000
1 16 15 8 17 9 4 5 6 7 2 13 10 11 14 3 12 1  50.000000
1 12 13 10 11 7 6 4 5 17 8 9 16 15 2 3 14 1  53.000000
1 15 16 2 10 7 6 4 5 17 8 9 13 11 3 14 12 1  55.000000
1 14 3 10 2 11 13 9 8 17 4 5 15 6 16 7 12 1  39.000000
1 8 9 13 2 17 4 5 6 7 15 16 11 10 3 14 12 1  49.000000
1 12 11 2 8 17 9 7 15 4 5 6 16 13 10 3 14 1  44.000000
1 14 3 12 6 7 17 11 2 10 13 16 15 4 5 9 8 1  62.000000
1 7 6 5 4 17 8 9 11 2 10 13 16 15 12 14 3 1  57.000000
1 12 16 6 4 5 7 15 17 8 9 11 10 2 13 14 3 1  41.000000
1 12 15 5 4 16 7 6 8 17 9 10 2 13 11 14 3 1  41.000000
1 6 4 5 15 16 7 9 8 17 13 2 3 14 11 10 12 1  42.000000
1 12 15 5 4 16 7 6 8 17 9 10 3 14 2 13 11 1  42.000000
1 12 15 5 4 16 7 6 9 8 17 11 3 14 13 2 10 1  42.000000
1 13 10 2 6 7 8 9 17 5 4 15 16 11 14 3 12 1  53.000000
1 12 11 2 10 14 3 13 9 8 4 5 6 7 15 16 17 1  45.000000
1 14 3 10 2 11 13 9 8 17 4 5 15 6 16 7 12 1  39.000000
